image_width: 640
image_height: 480
camera_name: narrow_stereo
camera_matrix:
  rows: 3
  cols: 3
  data: [813.579668, 0.000000, 328.723298, 0.000000, 814.281530, 212.912024, 0.000000, 0.000000, 1.000000]
distortion_model: plumb_bob
distortion_coefficients:
  rows: 1
  cols: 5
  data: [0.050796, -0.320130, 0.000708, 0.013018, 0.000000]
rectification_matrix:
  rows: 3
  cols: 3
  data: [1.000000, 0.000000, 0.000000, 0.000000, 1.000000, 0.000000, 0.000000, 0.000000, 1.000000]
projection_matrix:
  rows: 3
  cols: 4
  data: [812.554260, 0.000000, 333.867234, 0.000000, 0.000000, 819.854858, 212.852633, 0.000000, 0.000000, 0.000000, 1.000000, 0.000000]
