image_width: 640
image_height: 480
camera_name: narrow_stereo
camera_matrix:
  rows: 3
  cols: 3
  data: [1783.355999, 0.000000, 271.401369, 0.000000, 1789.853922, 107.875697, 0.000000, 0.000000, 1.000000]
distortion_model: plumb_bob
distortion_coefficients:
  rows: 1
  cols: 5
  data: [0.003826, 3.229804, -0.028903, -0.007513, 0.000000]
rectification_matrix:
  rows: 3
  cols: 3
  data: [1.000000, 0.000000, 0.000000, 0.000000, 1.000000, 0.000000, 0.000000, 0.000000, 1.000000]
projection_matrix:
  rows: 3
  cols: 4
  data: [1796.326294, 0.000000, 270.854722, 0.000000, 0.000000, 1797.384888, 105.198418, 0.000000, 0.000000, 0.000000, 1.000000, 0.000000]
